31386410
31386411
31386412
31386414
31386415
31386416
31386417
31386419
31386420
31386421
31386422
31386423
31386424
31386426
31386427
31386428
31386429
31386430
31386431
31386432
31386434
31386435
31386436
31386437
31386438
31386439
31386440
31386441
31386442
31386443
31386444
31386445
31386447
31386448
31386449
31386451
31386452
31386453
31386455
31386456
31386457
31386458
31386459
31386460
31386461
31386462
31386463
31386464
31386465
31386466
31386468
31386469
31386471
31386472
31386473
31386474
31386475
31386476
31386477
31386478
31386479
31386480
31386481
31386482
31386483
31386484
31386486
31386487
31386489
31386490
31386491
31386492
31386494
31386495
31386496
31386497
31386498
31386499
31386501
31386502
31386503
31386504
31386505
31386506
31386507
31386508
31386509
31386510
31386511
31386512
31386513
31386514
31386515
31386517
31386518
31386519
31386523
31386524
31386525
31386526
31386527
31386528
31386529
31386530
31386531
31386533
31386535
31386536
31386537
31386539
31386540
31386541
31386542
31386545
31386546
31386547
31386548
31386549
31386550
31386551
31386552
31386553
31386554
31386555
31386556
31386557
31386558
31386559
31386560
31386561
31386562
31386563
31386564
31386567
31386568
31386569
31386570
31386571
31386573
31386574
31386577
31386578
31386579
31386580
31386581
31386582
31386584
31386585
31386586
31386587
31386588
31386589
31386590
31386591
31386592
31386593
31386594
31386595
31386596
31386597
31386598
31386599
31386600
31386601
31386602
31386603
31386604
31386605
31386606
31386607
31386609
31386610
31386611
31386612
31386613
31386614
31386615
31386616
31386617
31386618
31386619
31386620
31386622
31386623
31386624
31386625
31386626
31386628
31386629
31386630
31386631
31386632
31386633
31386634
31386635
31386636
31386637
31386638
31386640
31386641
31386643
31386644
31386645
31386646
31386647
31386648
31386649
31386650
31386651
31386652
31386653
31386654
31386655
31386656
31386662
31386663
31386664
31386665
31386666
31386667
31386668
31386669
31386670
31386671
31386672
31386673
31386674
31386675
31386676
31386677
31386679
31386680
31386681
31386682
31386683
31386684
31386685
31386686
31386687
31386688
31386689
31386690
31386691
31386692
31386694
31386695
31386696
31386697
31386700
31386702
31386703
31386704
31386705
31386706
31386707
31386708
31386709
31386710
31386711
31386712
31386713
31386714
31386715
31386716
31386717
31386718
31386719
31386720
31386721
31386722
31386723
31386724
31386725
31386727
31386728
31386729
31386730
31386732
31386733
31386734
31386735
31386736
31386737
31386739
31386740
31386741
31386742
31386743
31386744
31386745
31386746
31386748
31386749
31386750
31386751
31386752
31386753
31386754
31386756
31386757
31386759
31386760
31386762
31386763
31386765
31386766
31386767
31386768
31386769
31386770
31386771
31386773
31386774
31386775
31386776
31386777
31386779
31386780
31386781
31386782
31386783
31386784
31386785
31386786
31386787
31386788
31386789
31386790
31386791
31386792
31386793
31386794
31386796
31386797
31386798
31386799
31386800
31386803
31386804
31386805
31386806
31386807
31386808
31386809
31386810
31386811
31386812
31386814
31386816
31386817
31386818
31386819
31386822
31386823
31386824
31386825
31386826
31386827
31386828
31386829
31386831
31386834
31386835
31386836
31386837
31386838
31386839
31386840
31386842
31386843
31386844
31386846
31386848
31386849
31386850
31386851
31386852
31386853
31386854
31386856
31386857
31386861
31386862
31386863
31386864
31386866
31386867
31386868
31386871
31386872
31386873
31386874
31386876
31386877
31386878
31386879
31386880
31386881
31386882
31386883
31386885
31386888
31386889
31386891
31386893
31386894
31386895
31386896
31386897
31386898
31386899
31386900
31386903
31386904
31386905
31386906
31386907
31386908
31386909
31386910
31386911
31386912
31386913
31386914
31386915
31386917
31386918
31386919
31386920
31386921
31386922
31386923
31386924
31386926
31386927
31386928
31386929
31386930
31386933
31386934
31386935
31386936
31386937
31386939
31386940
31386942
31386945
31386946
31386947
31386948
31386949
31386952
31386953
31386960
31386961
31386963
31386964
31386965
31386966
31386969
31386971
31386972
31386974
31386975
31386977
31386978
31386980
31386981
31386982
31386983
31386984
31386985
31386986
31386987
31386989
31386990
31386991
31386992
31386993
31386994
31386995
31386996
31386997
31386998
31387000
31387001
31387003
31387004
31387005
31387006
31387007
31387009
31387010
31387011
31387012
31387013
31387014
31387015
31387017
31387019
31387021
31387022
31387023
31387024
31387025
31387028
31387029
31387030
31387031
31387032
31387033
31387034
31387035
31387036
31387037
31387038
31387039
31387040
31387042
31387043
31387044
31387046
31387047
31387048
31387049
31387051
31387052
31387053
31387054
31387055
31387056
31387057
31387058
31387059
31387060
31387061
31387062
31387063
31387064
31387067
31387068
31387070
31387071
31387072
31387073
31387074
31387075
31387077
31387082
31387083
31387084
31387085
31387086
31387087
31387088
31387089
31387090
31387091
31387092
31387093
31387094
31387095
31387096
31387097
31387098
31387099
31387100
31387101
31387102
31387103
31387104
31387105
31387106
31387107
31387108
31387109
31387110
31387111
31387112
31387113
31387114
31387115
31387117
31387118
31387119
31387120
31387121
31387122
31387123
31387124
31387125
31387126
31387127
31387128
31387130
31387132
31387133
31387134
31387135
31387136
31387137
31387139
31387140
31387141
31387142
31387144
31387146
31387149
31387151
31387152
31387153
31387154
31387155
31387156
31387157
31387158
31387159
31387161
31387162
31387163
31387164
31387165
31387166
31387167
31387168
31387169
31387170
31387171
31387172
31387173
31387174
31387175
31387176
31387177
31387178
31387179
31387180
31387181
31387182
31387183
31387184
31387185
31387186
31387187
31387188
31387189
31387190
31387191
31387192
31387193
31387194
31387195
31387196
31387197
31387199
31387201
31387202
31387203
31387204
31387205
31387207
31387208
31387209
31387210
31387211
31387212
31387213
31387214
31387215
31387216
31387217
31387218
31387219
31387220
31387221
31387222
31387223
31387224
31387225
31387226
31387228
31387229
31387230
31387231
31387232
31387233
31387234
31387235
31387236
31387237
31387238
31387239
31387240
31387241
31387243
31387244
31387246
31387248
31387249
31387250
31387251
31387252
31387253
31387254
31387255
31387257
31387258
31387259
31387260
31387261
31387262
31387264
31387265
31387266
31387267
31387268
31387270
31387271
31387272
31387273
31387274
31387275
31387276
31387277
31387278
31387279
31387280
31387281
31387282
31387284
31387286
31387287
31387288
31387289
31387290
31387291
31387292
31387293
31387297
31387298
31387299
31387300
31387301
31387302
31387303
31387304
31387305
31387306
31387307
31387308
31387309
31387310
31387311
31387312
31387315
31387316
31387317
31387318
31387319
31387321
31387322
31387323
31387324
31387325
31387326
31387327
31387328
31387329
31387330
31387332
31387333
31387334
31387335
31387336
31387337
31387338
31387339
31387340
31387341
31387342
31387344
31387346
31387347
31387348
31387349
31387350
31387351
31387352
31387354
31387355
31387356
31387357
31387358
31387359
31387360
31387361
31387362
31387363
31387364
31387365
31387366
31387368
31387369
31387370
31387371
31387372
31387373
31387375
31387376
31387377
31387378
31387379
31387380
31387381
31387382
31387383
31387384
31387385
31387386
31387387
31387388
31387389
31387391
31387392
31387394
31387395
31387396
31387397
31387398
31387399
31387401
31387403
31387404
31387406
31387407
31387408
31387409
31387410
31387411
31387412
31387413
31387414
31387415
31387416
31387417
31387418
31387419
31387420
31387421
31387422
31387423
31387424
31387425
31387426
31387427
31387428
31387429
31387430
31387431
31387432
31387433
31387435
31387436
31387437
31387438
31387439
31387441
31387442
31387443
31387444
31387445
31387446
31387447
31387448
31387449
31387450
31387451
31387452
31387453
31387454
31387455
31387457
31387458
31387459
31387460
31387461
31387462
31387464
31387465
31387467
31387468
31387469
31387470
31387472
31387473
31387474
31387475
31387478
31387479
31387480
31387481
31387482
31387483
31387484
31387485
31387486
31387487
31387489
31387490
31387492
31387493
31387494
31387495
31387496
31387497
31387498
31387499
31387500
31387501
31387502
31387504
31387505
31387506
31387507
31387509
31387510
31387511
31387512
31387513
31387514
31387515
31387516
31387517
31387518
31387519
31387520
31387521
31387522
31387523
31387524
31387526
31387529
31387530
31387532
31387533
31387534
31387535
31387536
31387537
31387538
31387539
31387540
31387541
31387542
31387543
31387544
31387545
31387546
31387547
31387549
31387550
31387551
31387552
31387554
31387555
31387556
31387557
31387558
31387560
31387561
31387562
31387563
31387564
31387565
31387566
31387567
31387568
31387570
31387571
31387573
31387576
31387577
31387578
31387579
31387580
31387581
31387583
31387584
31387585
31387586
31387587
31387589
31387590
31387591
31387593
31387595
31387596
31387597
31387598
31387599
31387600
31387601
31387604
31387605
31387606
31387607
31387609
31387610
31387611
31387612
31387613
31387616
31387617
31387619
31387620
31387622
31387623
31387625
31387626
31387627
31387628
31387629
31387630
31387631
31387633
31387634
31387635
31387636
31387637
31387639
31387640
31387641
31387642
31387645
31387646
31387647
31387648
31387650
31387652
31387653
31387654
31387656
31387657
31387658
31387659
31387660
31387661
31387662
31387663
31387664
31387665
31387667
31387668
31387669
31387671
31387673
31387674
31387675
31387676
31387677
31387678
31387679
31387680
31387681
31387682
31387684
31387685
31387688
31387689
31387690
31387691
31387692
31387694
31387697
31387698
31387700
31387701
31387702
31387703
31387706
31387708
31387710
31387711
31387712
31387714
31387716
31387717
31387720
31387723
31387724
31387725
31387726
31387727
31387728
31387729
31387730
31387731
31387732
31387734
31387736
31387737
31387738
31387739
31387740
31387742
31387744
31387745
31387746
31387748
31387749
31387750
31387751
31387752
31387753
31387754
31387755
31387757
31387758
31387759
31387760
31387763
31387764
31387765
31387766
31387767
31387768
31387769
31387770
31387771
31387772
31387773
31387775
31387776
31387777
31387779
31387781
31387782
31387783
31387785
31387786
31387787
31387788
31387790
31387791
31387792
31387793
31387796
31387797
31387798
31387799
31387800
31387801
31387803
31387804
31387805
31387807
31387808
31387810
31387812
31387813
31387814
31387815
31387819
31387821
31387822
31387823
31387824
31387825
31387826
31387828
31387829
31387830
31387832
31387833
31387834
31387836
31387837
31387838
31387839
31387840
31387841
31387842
31387844
31387845
31387846
31387847
31387850
31387851
31387852
31387853
31387855
31387856
31387857
31387859
31387860
31387861
31387862
31387863
31387864
31387865
31387866
31387869
31387870
31387871
31387872
31387873
31387874
31387875
31387876
31387877
31387878
31387879
31387880
31387881
31387882
31387883
31387884
31387885
31387887
31387888
31387889
31387890
31387891
31387892
31387893
31387894
31387895
31387897
31387898
31387899
31387901
31387902
31387903
31387904
31387905
31387906
31387907
31387908
31387909
31387910
31387911
31387912
31387913
31387914
31387915
31387916
31387917
31387918
31387919
31387920
31387921
31387922
31387923
31387925
31387926
31387927
31387928
31387932
31387933
31387935
31387936
31387937
31387938
31387939
31387940
31387941
31387942
31387943
31387945
31387946
31387947
31387948
31387949
31387951
31387952
31387953
31387954
31387955
31387956
31387958
31387959
31387960
31387961
31387962
31387963
31387964
31387965
31387966
31387967
31387969
31387970
31387971
31387972
31387973
31387974
31387975
31387977
31387978
31387979
31387980
31387981
31387982
31387983
31387985
31387986
31387987
31387988
31387989
31387990
31387991
31387992
31387993
31387995
31387996
31387998
31387999
31388000
31388001
31388002
31388003
31388005
31388006
31388007
31388008
31388009
31388010
31388011
31388013
31388016
31388017
31388018
31388019
31388020
31388021
31388022
31388023
31388024
31388025
31388027
31388028
31388029
31388030
31388031
31388033
31388035
31388036
31388038
31388039
31388040
31388041
31388042
31388043
31388045
31388046
31388048
31388049
31388050
31388051
31388052
31388053
31388054
31388056
31388057
31388061
31388062
31388063
31388064
31388065
31388066
31388067
31388069
31388072
31388074
31388075
31388076
31388077
31388078
31388079
31388080
31388081
31388082
31388083
31388084
31388085
31388086
31388087
31388088
31388089
31388090
31388091
31388092
31388093
31388094
31388095
31388096
31388097
31388098
31388099
31388100
31388101
31388102
31388104
31388105
31388106
31388107
31388108
31388109
31388110
31388112
31388113
31388116
31388117
31388118
31388119
31388120
31388121
31388122
31388123
31388125
31388126
31388127
31388128
31388129
31388130
31388131
31388132
31388133
31388135
31388136
31388137
31388138
31388139
31388140
31388142
31388144
31388147
31388148
31388149
31388150
31388151
31388152
31388153
31388154
31388156
31388157
31388158
31388159
31388160
31388161
31388162
31388163
31388164
31388165
31388166
31388167
31388168
31388169
31388170
31388171
31388172
31388173
31388175
31388176
31388177
31388178
31388179
31388181
31388182
31388183
31388185
31388186
31388187
31388188
31388189
31388190
31388191
31388192
31388193
31388194
31388195
31388196
31388197
31388198
31388199
31388200
31388201
31388202
31388204
31388205
31388206
31388207
31388208
31388209
31388210
31388211
31388212
31388214
31388215
31388216
31388217
31388218
31388219
31388220
31388221
31388222
31388223
31388224
31388225
31388226
31388227
31388228
31388229
31388230
31388231
31388232
31388234
31388235
31388236
31388237
31388238
31388239
31388240
31388241
31388243
31388244
31388246
31388247
31388248
31388249
31388250
31388252
31388253
31388254
31388255
31388256
31388257
31388258
31388260
31388262
31388265
31388266
31388267
31388268
31388269
31388270
31388271
31388272
31388273
31388274
31388275
31388276
31388277
31388278
31388279
31388280
31388281
31388282
31388283
31388284
31388285
31388286
31388287
31388288
31388289
31388290
31388291
31388292
31388293
31388294
31388297
31388298
31388299
31388300
31388301
31388303
31388304
31388305
31388306
31388307
31388308
31388309
31388311
31388313
31388314
31388316
31388318
31388319
31388320
31388321
31388323
31388324
31388326
31388327
31388328
31388329
31388330
31388331
31388332
31388333
31388334
31388335
31388336
31388337
31388340
31388341
31388342
31388343
31388345
31388346
31388347
31388348
31388349
31388350
31388351
31388353
31388354
31388355
31388356
31388357
31388358
31388359
31388360
31388361
31388362
31388363
31388364
31388365
31388366
31388367
31388368
31388370
31388371
31388372
31388374
31388375
31388376
31388377
31388378
31388379
31388380
31388381
31388382
31388383
31388385
31388387
31388388
31388390
31388391
31388392
31388393
31388394
31388396
31388397
31388398
31388399
31388400
31388401
31388402
31388403
31388405
31388406
31388407
31388408
31388409
31388410
31388411
31388412
31388413
31388414
31388416
31388417
31388419
31388420
31388422
31388424
31388425
31388426
31388428
31388429
31388430
31388431
31388432
31388433
31388434
31388435
31388437
31388438
31388439
31388440
31388441
31388442
31388443
31388444
31388445
31388446
31388447
31388448
31388449
31388450
31388451
31388452
31388453
31388454
31388455
31388456
31388457
31388458
31388459
31388460
31388462
31388463
31388464
31388465
31388467
31388469
31388471
31388474
31388475
31388476
31388477
31388479
31388480
31388482
31388483
31388484
31388485
31388486
31388487
31388488
31388489
31388491
31388492
31388493
31388494
31388495
31388497
31388498
31388499
31388500
31388501
31388502
31388504
31388506
31388507
31388508
31388509
31388510
31388511
31388512
31388513
31388514
31388515
31388516
31388517
31388518
31388519
31388520
31388521
31388525
31388527
31388528
31388529
31388530
31388531
31388532
31388533
31388534
31388535
31388536
31388537
31388539
31388540
31388542
31388544
31388545
31388546
31388549
31388550
31388551
31388552
31388553
31388554
31388556
31388558
31388560
31388561
31388562
31388563
31388565
31388566
31388567
31388568
31388569
31388570
31388572
31388574
31388575
31388576
31388577
31388578
31388579
31388580
31388582
31388584
31388586
31388587
31388588
31388589
31388590
31388591
31388592
31388593
31388594
31388595
31388596
31388597
31388598
31388600
31388601
31388602
31388603
31388604
31388605
31388607
31388608
31388609
31388610
31388611
31388612
31388613
31388614
31388615
31388616
31388619
31388621
31388622
31388623
31388624
31388625
31388626
31388627
31388628
31388629
31388630
31388631
31388632
31388633
31388636
31388637
31388638
31388640
31388641
31388642
31388643
31388644
31388645
31388646
31388647
31388648
31388649
31388650
31388651
31388652
31388653
31388654
31388655
31388656
31388657
31388658
31388663
31388665
31388666
31388667
31388669
31388670
31388671
31388673
31388675
31388676
31388677
31388678
31388679
31388681
31388682
31388683
31388684
31388685
31388686
31388687
31388688
31388689
31388690
31388692
31388693
31388694
31388695
31388696
31388697
31388698
31388699
31388700
31388701
31388702
31388703
31388704
31388705
31388706
31388707
31388708
31388709
31388710
31388711
31388712
31388713
31388714
31388715
31388716
31388717
31388718
31388719
31388720
31388721
31388722
31388723
31388725
31388726
31388727
31388728
31388729
31388730
31388731
31388733
31388734
31388735
31388736
31388738
31388740
31388741
31388743
31388746
31388747
31388748
31388749
31388750
31388751
31388752
31388753
31388754
31388755
31388757
31388759
31388760
31388761
31388762
31388763
31388764
31388765
31388766
31388767
31388768
31388769
31388770
31388771
31388772
31388773
31388774
31388775
31388776
31388777
31388778
31388779
31388780
31388782
31388783
31388784
31388786
31388787
31388788
31388790
31388791
31388792
31388793
31388794
31388795
31388796
31388798
31388799
31388800
31388801
31388802
31388803
31388804
31388805
31388806
31388807
31388808
31388809
31388810
31388811
31388812
31388813
31388815
31388816
31388817
31388818
31388819
31388820
31388821
31388822
31388824
31388825
31388826
31388827
31388829
31388832
31388833
31388834
31388836
31388837
31388838
31388839
31388840
31388841
31388842
31388843
31388844
31388846
31388849
31388850
31388853
31388854
31388855
31388856
31388857
31388858
31388859
31388860
31388862
31388863
31388864
31388865
31388866
31388868
31388869
31388870
31388871
31388872
31388874
31388875
31388876
31388877
31388880
31388881
31388882
31388883
31388884
31388885
31388886
31388888
31388889
31388890
31388891
31388892
31388893
31388895
31388896
31388897
31388898
31388899
31388900
31388901
31388902
31388903
31388907
31388908
31388909
31388910
31388911
31388912
31388913
31388914
31388915
31388916
31388917
31388918
31388919
31388920
31388922
31388923
31388924
31388925
31388926
31388927
31388929
31388930
31388931
31388932
31388933
31388935
31388937
31388938
31388939
31388942
31388943
31388944
31388945
31388946
31388948
31388949
31388950
31388951
31388952
31388953
31388954
31388956
31388957
31388959
31388960
31388962
31388963
31388964
31388965
31388966
31388967
31388968
31388969
31388970
31388971
31388972
31388973
31388975
31388976
31388978
31388979
31388981
31388982
31388983
31388985
31388988
31388989
31388990
31388992
31388993
31388995
31388996
31388997
31388999
31389000
31389001
31389002
31389003
31389004
31389005
31389006
31389007
31389008
31389009
31389010
31389011
31389015
31389017
31389018
31389019
31389020
31389021
31389022
31389023
31389024
31389026
31389028
31389030
31389031
31389032
31389033
31389034
31389036
31389037
31389038
31389040
31389041
31389042
31389045
31389046
31389047
31389048
31389050
31389051
31389052
31389053
31389054
31389055
31389056
31389057
31389058
31389059
31389060
31389061
31389062
31389064
31389066
31389067
31389068
31389071
31389072
31389073
31389074
31389076
31389077
31389078
31389079
31389080
31389081
31389082
31389083
31389084
31389085
31389086
31389087
31389088
31389090
31389091
31389093
31389095
31389096
31389099
31389100
31389102
31389103
31389104
31389105
31389106
31389107
31389110
31389111
31389112
31389113
31389114
31389116
31389117
31389118
31389119
31389120
31389121
31389122
31389124
31389125
31389126
31389127
31389128
31389129
31389131
31389132
31389133
31389134
31389135
31389136
31389137
31389138
31389139
31389140
31389141
31389142
31389143
31389144
31389145
31389146
31389152
31389153
31389154
31389155
31389156
31389157
31389158
31389159
31389160
31389161
31389162
31389163
31389165
31389166
31389167
31389168
31389169
31389170
31389171
31389172
31389173
31389174
31389175
31389176
31389177
31389178
31389179
31389181
31389182
31389183
31389184
31389185
31389186
31389187
31389188
31389189
31389190
31389191
31389192
31389193
31389194
31389196
31389197
31389198
31389201
31389204
31389205
31389206
31389207
31389208
31389209
31389210
31389211
31389212
31389213
31389214
31389215
31389216
31389217
31389218
31389219
31389220
31389221
31389223
31389224
31389227
31389228
31389229
31389231
31389232
31389234
31389236
31389238
31389239
31389240
31389241
31389242
31389244
31389245
31389246
31389247
31389248
31389249
31389250
31389251
31389252
31389253
31389254
31389255
31389256
31389258
31389260
31389261
31389262
31389263
31389264
31389265
31389266
31389267
31389268
31389270
31389272
31389273
31389275
31389276
31389278
31389279
31389280
31389281
31389282
31389283
31389284
31389286
31389288
31389289
31389290
31389292
31389293
31389294
31389295
31389296
31389297
31389298
31389299
31389300
31389301
31389302
31389303
31389304
31389305
31389306
31389307
31389308
31389309
31389310
31389313
31389314
31389315
31389316
31389317
31389319
31389320
31389321
31389322
31389323
31389324
31389325
31389326
31389327
31389328
31389329
31389330
31389331
31389332
31389333
31389334
31389336
31389337
31389338
31389339
31389341
31389342
31389343
31389344
31389345
31389346
31389348
31389349
31389350
31389351
31389352
31389353
31389354
31389356
31389357
31389358
31389359
31389360
31389361
31389362
31389364
31389365
31389367
31389368
31389369
31389370
31389371
31389372
31389375
31389376
31389378
31389379
31389381
31389382
31389383
31389384
31389385
31389386
31389387
31389388
31389389
31389390
31389392
31389393
31389394
31389395
31389396
31389397
31389398
31389399
31389401
31389402
31389403
31389404
31389405
31389406
31389407
31389408
31389409
31389411
31389412
31389413
31389414
31389415
31389416
31389417
31389418
31389419
31389420
31389421
31389422
31389423
31389424
31389425
31389426
31389427
31389428
31389429
31389430
31389431
31389432
31389433
31389434
31389435
31389437
31389438
31389439
31389440
31389441
31389442
31389444
31389445
31389446
31389447
31389448
31389449
31389450
31389453
31389454
31389455
31389456
31389457
31389458
31389460
31389462
31389463
31389464
31389465
31389466
31389467
31389468
31389469
31389470
31389471
31389472
31389473
31389474
31389475
31389476
31389478
31389479
31389480
31389482
31389483
31389484
31389485
31389486
31389488
31389489
31389490
31389491
31389492
31389493
31389494
31389495
31389497
31389498
31389499
31389500
31389501
31389502
31389503
31389505
31389507
31389508
31389509
31389510
31389511
31389512
31389513
31389514
31389515
31389516
31389517
31389519
31389520
31389521
31389522
31389523
31389524
31389525
31389526
31389527
31389528
31389529
31389530
31389531
31389533
31389534
31389535
31389536
31389538
31389539
31389541
31389542
31389544
31389545
31389546
31389547
31389548
31389549
31389550
31389551
31389552
31389553
31389554
31389555
31389556
31389557
31389558
31389559
31389560
31389561
31389564
31389565
31389566
31389567
31389568
31389569
31389571
31389573
31389574
31389575
31389576
31389577
31389578
31389579
31389580
31389581
31389582
31389583
31389585
31389586
31389588
31389589
31389590
31389592
31389593
31389594
31389595
31389596
31389597
31389598
31389599
31389600
31389601
31389602
31389605
31389607
31389608
31389609
31389610
31389612
31389613
31389614
31389615
31389616
31389617
31389619
31389621
31389622
31389623
31389624
31389625
31389626
31389628
31389629
31389631
31389633
31389634
31389635
31389636
31389637
31389638
31389639
31389640
31389641
31389642
31389643
31389644
31389646
31389647
31389648
31389649
31389651
31389652
31389653
31389654
31389655
31389656
31389657
31389658
31389659
31389660
31389661
31389662
31389663
31389664
31389665
31389666
31389667
31389669
31389670
31389671
31389672
31389673
31389675
31389676
31389677
31389678
31389679
31389680
31389681
31389682
31389683
31389684
31389685
31389686
31389687
31389690
31389691
31389692
31389694
31389696
31389697
31389698
31389699
31389700
31389701
31389703
31389704
31389705
31389706
31389707
31389708
31389709
31389710
31389711
31389712
31389713
31389714
31389715
31389716
31389717
31389718
31389719
31389720
31389722
31389723
31389724
31389725
31389726
31389727
31389728
31389729
31389730
31389731
31389732
31389733
31389734
31389735
31389736
31389737
31389740
31389741
31389742
31389743
31389744
31389745
31389746
31389747
31389748
31389750
31389751
31389753
31389754
31389756
31389757
31389758
31389759
31389760
31389761
31389762
31389763
31389764
31389765
31389766
31389768
31389770
31389771
31389773
31389774
31389775
31389777
31389778
31389779
31389783
31389785
31389786
31389788
31389789
31389790
31389792
31389795
31389796
31389797
31389799
31389800
31389802
31389803
31389804
31389805
31389806
31389807
31389808
31389809
31389810
31389811
31389812
31389814
31389815
31389816
31389817
31389818
31389819
31389821
31389822
31389823
31389824
31389825
31389826
31389827
31389829
31389830
31389831
31389832
31389834
31389835
31389836
31389837
31389838
31389840
31389841
31389844
31389845
31389847
31389848
31389849
31389850
31389851
31389853
31389854
31389855
31389857
31389858
31389860
31389861
31389862
31389863
31389864
31389865
31389866
31389867
31389868
31389869
31389870
31389871
31389872
31389873
31389874
31389875
31389876
31389877
31389878
31389879
31389881
31389882
31389884
31389885
31389886
31389887
31389888
31389889
31389890
31389891
31389893
31389894
31389895
31389897
31389898
31389899
31389900
31389902
31389903
31389904
31389905
31389906
31389907
31389908
31389909
31389910
31389911
31389912
31389913
31389914
31389915
31389916
31389919
31389921
31389922
31389923
31389924
31389925
31389926
31389927
31389928
31389930
31389931
31389932
31389933
31389934
31389935
31389936
31389938
31389939
31389940
31389941
31389942
31389943
31389944
31389945
31389946
31389947
31389948
31389950
31389951
31389952
31389953
31389954
31389955
31389957
31389959
31389960
31389961
31389962
31389963
31389964
31389965
31389966
31389967
31389968
31389970
31389972
31389974
31389975
31389976
31389977
31389978
31389979
31389981
31389982
31389983
31389986
31389987
31389988
31389989
31389990
31389991
31389992
31389993
31389994
31389997
31389998
31390000
31390001
31390003
31390005
31390006
31390008
31390009
31390011
31390012
31390014
31390015
31390016
31390017
31390018
31390019
31390020
31390021
31390022
31390023
31390024
31390025
31390026
31390027
31390028
31390029
31390030
31390031
31390032
31390033
31390034
31390035
31390036
31390037
31390038
31390039
31390040
31390041
31390043
31390044
31390045
31390046
31390047
31390048
31390049
31390050
31390051
31390052
31390053
31390054
31390056
31390057
31390058
31390059
31390060
31390061
31390062
31390063
31390064
31390065
31390068
31390069
31390070
31390071
31390072
31390073
31390074
31390075
31390077
31390079
31390080
31390081
31390082
31390083
31390084
31390086
31390087
31390089
31390090
31390091
31390092
31390093
31390094
31390096
31390097
31390098
31390099
31390100
31390101
31390102
31390104
31390105
31390106
31390107
31390108
31390110
31390111
31390113
31390114
31390115
31390116
31390117
31390118
31390119
31390120
31390121
31390122
31390123
31390124
31390125
31390126
31390128
31390129
31390130
31390131
31390132
31390133
31390134
31390136
31390138
31390139
31390140
31390141
31390142
31390143
31390144
31390145
31390146
31390147
31390148
31390149
31390150
31390152
31390153
31390154
31390155
31390158
31390159
31390162
31390163
31390164
31390165
31390166
31390167
31390168
31390169
31390170
31390172
31390173
31390175
31390176
31390178
31390179
31390180
31390183
31390184
31390185
31390186
31390187
31390188
31390189
31390192
31390193
31390194
31390195
31390196
31390197
31390198
31390200
31390201
31390202
31390203
31390204
31390205
31390206
31390207
31390208
31390209
31390210
31390211
31390212
31390213
31390214
31390215
31390216
31390217
31390219
31390220
31390221
31390222
31390223
31390224
31390225
31390227
31390228
31390229
31390230
31390231
31390232
31390233
31390234
31390235
31390236
31390237
31390238
31390239
31390240
31390241
31390242
31390244
31390245
31390246
31390247
31390248
31390249
31390250
31390253
31390254
31390255
31390256
31390257
31390258
31390259
31390260
31390261
31390262
31390263
31390264
31390265
31390266
31390268
31390269
31390270
31390271
31390272
31390273
31390274
31390275
31390276
31390277
31390278
31390279
31390280
31390281
31390282
31390285
31390287
31390288
31390289
31390290
31390291
31390294
31390295
31390296
31390297
31390299
31390300
31390301
31390302
31390304
31390305
31390306
31390307
31390308
31390310
31390312
31390313
31390315
31390318
31390319
31390320
31390321
31390322
31390324
31390325
31390326
31390328
31390329
31390330
31390331
31390334
31390335
31390336
31390337
31390338
31390339
31390340
31390341
31390342
31390343
31390344
31390345
31390346
31390347
31390348
31390349
31390351
31390353
31390354
31390356
31390357
31390361
31390362
31390363
31390364
31390366
31390367
31390369
31390371
31390372
31390373
31390375
31390376
31390377
31390379
31390380
31390381
31390384
31390385
31390386
31390387
31390388
31390389
31390391
31390393
31390394
31390395
31390396
31390397
31390398
31390399
31390400
31390401
31390402
31390403
31390404
31390405
31390406
31390407
31390408
31390410
31390412
31390413
31390414
31390415
31390417
31390419
31390420
31390421
31390422
31390423
31390424
31390425
31390426
31390427
31390428
31390429
31390430
31390431
31390432
31390433
31390435
31390436
31390437
31390438
31390439
31390441
31390442
31390443
31390444
31390445
31390447
31390448
31390449
31390450
31390451
31390453
31390454
31390455
31390456
31390457
31390458
31390459
31390462
31390463
31390464
31390465
31390466
31390467
31390468
31390469
31390470
31390471
31390472
31390475
31390476
31390478
31390479
31390481
31390483
31390484
31390485
31390486
31390487
31390488
31390489
31390491
31390492
31390493
31390495
31390496
31390497
31390498
31390499
31390500
31390501
31390503
31390504
31390505
31390506
31390507
31390508
31390509
31390510
31390511
31390512
31390513
31390515
31390516
31390517
31390518
31390519
31390520
31390522
31390523
31390525
31390526
31390527
31390528
31390529
31390531
31390532
31390533
31390534
31390536
31390537
31390538
31390539
31390540
31390541
31390542
31390543
31390544
31390545
31390546
31390547
31390549
31390550
31390551
31390552
31390553
31390554
31390555
31390557
31390558
31390559
31390560
31390561
31390562
31390563
31390564
31390565
31390566
31390567
31390568
31390571
31390572
31390573
31390574
31390575
31390576
31390578
31390579
31390580
31390581
31390582
31390583
31390584
31390585
31390586
31390587
31390588
31390589
31390590
31390592
31390593
31390596
31390597
31390598
31390601
31390602
31390603
31390604
31390605
31390606
31390608
31390610
31390611
31390612
31390613
31390614
31390615
31390616
31390617
31390618
31390620
31390621
31390622
31390623
31390625
31390626
31390627
31390628
31390629
31390630
31390631
31390632
31390633
31390634
31390635
31390637
31390638
31390639
31390640
31390641
31390643
31390644
31390645
31390646
31390647
31390649
31390650
31390651
31390652
31390653
31390656
31390657
31390661
31390662
31390663
31390664
31390665
31390666
31390667
31390669
31390670
31390671
31390672
31390673
31390674
31390675
31390676
31390677
31390678
31390679
31390680
31390681
31390682
31390683
31390684
31390685
31390686
31390687
31390690
31390691
31390692
31390695
31390696
31390697
31390700
31390702
31390704
31390705
31390706
31390707
31390709
31390710
31390711
31390712
31390714
31390716
31390718
31390719
31390721
31390722
31390723
31390724
31390725
31390726
31390727
31390728
31390729
31390730
31390731
31390732
31390733
31390734
31390735
31390736
31390737
31390741
31390742
31390743
31390745
31390746
31390747
31390749
31390750
31390751
31390752
31390754
31390755
31390759
31390761
31390762
31390763
31390764
31390765
31390767
31390769
31390770
31390771
31390772
31390773
31390774
31390775
31390776
31390777
31390779
31390781
31390782
31390783
31390784
31390785
31390786
31390788
31390789
31390790
31390791
31390792
31390793
31390795
31390796
31390797
31390798
31390800
31390801
31390802
31390803
31390804
31390805
31390806
31390807
31390808
31390809
31390810
31390812
31390813
31390814
31390815
31390817
31390818
31390820
31390822
31390823
31390824
31390825
31390826
31390827
31390828
31390829
31390831
31390832
31390833
31390835
31390836
31390838
31390839
31390840
31390841
31390842
31390844
31390845
31390846
31390848
31390849
31390850
31390851
31390852
31390853
31390854
31390855
31390856
31390857
31390858
31390859
31390860
31390861
31390862
31390864
31390865
31390866
31390868
31390869
31390870
31390871
31390872
31390873
31390875
31390876
31390877
31390878
31390879
31390880
31390881
31390882
31390883
31390884
31390888
31390890
31390892
31390893
31390894
31390895
31390896
31390897
31390898
31390899
31390900
31390901
31390903
31390904
31390905
31390906
31390907
31390908
31390909
31390913
31390914
31390915
31390916
31390917
31390918
31390919
31390920
31390922
31390923
31390924
31390925
31390926
31390927
31390929
31390930
31390931
31390933
31390934
31390935
31390936
31390937
31390938
31390939
31390940
31390941
31390942
31390943
31390944
31390946
31390947
31390948
31390950
31390951
31390953
31390954
31390956
31390958
31390959
31390961
31390962
31390965
31390966
31390967
31390968
31390970
31390971
31390973
31390974
31390975
31390976
31390977
31390978
31390980
31390981
31390982
31390983
31390984
31390985
31390986
31390987
31390988
31390989
31390991
31390992
31390993
31390994
31390995
31390996
31390997
31390998
31390999
31391000
31391001
31391002
31391003
31391004
31391005
31391007
31391008
31391010
31391012
31391013
31391014
31391015
31391016
31391017
31391018
31391019
31391020
31391021
31391022
31391023
31391024
31391025
31391026
31391027
31391028
31391029
31391030
31391031
31391032
31391033
31391034
31391035
31391036
31391039
31391040
31391041
31391042
31391044
31391045
31391046
31391047
31391049
31391050
31391051
31391052
31391054
31391055
31391056
31391057
31391059
31391060
31391061
31391062
31391064
31391065
31391066
31391067
31391068
31391069
31391070
31391071
31391072
31391073
31391074
31391076
31391077
31391079
31391080
31391081
31391082
31391083
31391084
31391086
31391087
31391090
31391091
31391092
31391093
31391094
31391095
31391096
31391097
31391098
31391099
31391100
31391101
31391102
31391103
31391104
31391106
31391107
31391108
31391110
31391115
31391116
31391117
31391118
31391119
31391120
31391121
31391122
31391123
31391124
31391125
31391126
31391128
31391129
31391130
31391131
31391133
31391134
31391135
31391136
31391137
31391138
31391139
31391140
31391142
31391143
31391144
31391146
31391148
31391149
31391150
31391151
31391152
31391153
31391154
31391155
31391156
31391157
31391158
31391159
31391160
31391161
31391162
31391163
31391164
31391165
31391166
31391167
31391168
31391170
31391171
31391172
31391173
31391174
31391175
31391177
31391179
31391180
31391181
31391182
31391183
31391185
31391186
31391187
31391188
31391189
31391190
31391193
31391194
31391195
31391196
31391197
31391198
31391199
31391200
31391201
31391202
31391204
31391205
31391206
31391207
31391208
31391209
31391211
31391212
31391213
31391215
31391216
31391217
31391218
31391221
31391222
31391224
31391225
31391226
31391227
31391229
31391230
31391231
31391233
31391236
31391237
31391238
31391239
31391240
31391241
31391242
31391243
31391244
31391247
31391248
31391249
31391250
31391252
31391253
31391254
31391255
31391256
31391257
31391258
31391260
31391261
31391263
31391264
31391265
31391266
31391267
31391268
31391270
31391271
31391272
31391273
31391275
31391276
31391277
31391278
31391279
31391280
31391281
31391282
31391283
31391284
31391285
31391288
31391290
31391291
31391292
31391293
31391294
31391295
31391296
31391297
31391298
31391299
31391301
31391302
31391303
31391304
31391305
31391306
31391308
31391309
31391310
31391311
31391312
31391314
31391315
31391316
31391317
31391318
31391319
31391320
31391321
31391322
31391323
31391324
31391325
31391326
31391328
31391329
31391330
31391331
31391332
31391333
31391335
31391337
31391338
31391339
31391340
31391341
31391342
31391343
31391344
31391345
31391346
31391347
31391349
31391350
31391351
31391352
31391353
31391355
31391356
31391358
31391359
31391361
31391362
31391363
31391364
31391365
31391366
31391367
31391368
31391369
31391370
31391371
31391372
31391373
31391374
31391375
31391376
31391377
31391378
31391379
31391381
31391382
31391383
31391384
31391387
31391388
31391389
31391390
31391392
31391393
31391396
31391397
31391400
31391401
31391402
31391403
31391404
31391405
31391408
31391409
31391410
31391411
31391412
31391414
31391415
31391416
31391417
31391419
31391420
31391421
31391422
31391423
31391424
31391425
31391426
31391427
31391428
31391429
31391431
31391433
31391434
31391435
31391436
31391437
31391438
31391439
31391440
31391441
31391443
31391444
31391445
31391446
31391447
31391448
31391449
31391450
31391451
31391452
31391453
31391454
31391455
31391457
31391458
31391459
31391460
31391461
31391462
31391464
31391465
31391466
31391467
31391468
31391469
31391471
31391473
31391474
31391475
31391476
31391478
31391479
31391480
31391481
31391482
31391483
31391484
31391486
31391487
31391488
31391489
31391491
31391492
31391493
31391495
31391496
31391497
31391498
31391499
31391501
31391502
31391504
31391505
31391506
31391507
31391508
31391509
31391512
31391513
31391514
31391515
31391516
31391518
31391519
31391521
31391522
31391525
31391526
31391527
31391528
31391529
31391531
31391532
31391533
31391535
31391536
31391537
31391538
31391539
31391540
31391541
31391542
31391544
31391545
31391546
31391547
31391548
31391549
31391550
31391553
31391554
31391556
31391557
31391558
31391559
31391561
31391563
31391564
31391565
31391566
31391567
31391568
31391569
31391570
31391571
31391572
31391573
31391574
31391575
31391576
31391577
31391579
31391580
31391581
31391582
31391583
31391584
31391585
31391587
31391588
31391589
31391590
31391591
31391592
31391593
31391594
31391595
31391596
31391597
31391598
31391599
31391600
31391601
31391602
31391603
31391604
31391605
31391606
31391607
31391610
31391611
31391612
31391613
31391614
31391616
31391617
31391618
31391619
31391620
31391621
31391626
31391627
31391628
31391629
31391630
31391631
31391632
31391633
31391636
31391637
31391638
31391639
31391641
31391642
31391643
31391644
31391645
31391647
31391648
31391650
31391651
31391652
31391653
31391655
31391657
31391658
31391659
31391661
31391662
31391663
31391664
31391665
31391666
31391667
31391668
31391669
31391670
31391671
31391672
31391673
31391674
31391675
31391676
31391677
31391678
31391680
31391681
31391682
31391683
31391684
31391685
31391686
31391687
31391688
31391689
31391690
31391691
31391692
31391693
31391694
31391697
31391700
31391701
31391703
31391704
31391705
31391706
31391707
31391708
31391710
31391711
31391712
31391713
31391714
31391715
31391716
31391717
31391718
31391719
31391720
31391721
31391722
31391724
31391725
31391726
31391727
31391728
31391729
31391730
31391731
31391732
31391734
31391735
31391736
31391737
31391738
31391739
31391740
31391741
31391742
31391744
31391745
31391746
31391747
31391748
31391751
31391752
31391753
31391754
31391755
31391756
31391758
31391759
31391760
31391761
31391762
31391763
31391764
31391765
31391766
31391767
31391768
31391769
31391772
31391773
31391774
31391775
31391776
31391777
31391778
31391779
31391780
31391781
31391782
31391783
31391784
31391785
31391786
31391787
31391788
31391789
31391790
31391792
31391793
31391794
31391796
31391797
31391798
31391799
31391800
31391801
31391802
31391803
31391805
31391806
31391807
31391808
31391810
31391811
31391813
31391815
31391816
31391817
31391818
31391819
31391820
31391822
31391823
31391825
31391826
31391827
31391828
31391829
31391830
31391831
31391832
31391833
31391834
31391835
31391836
31391837
31391838
31391840
31391841
31391842
31391843
31391844
31391845
31391846
31391847
31391848
31391851
31391852
31391853
31391854
31391855
31391856
31391857
31391859
31391860
31391861
31391862
31391863
31391864
31391866
31391867
31391868
31391869
31391870
31391871
31391873
31391875
31391876
31391877
31391878
31391880
31391881
31391882
31391883
31391884
31391885
31391886
31391888
31391889
31391890
31391891
31391893
31391894
31391895
31391896
31391897
31391898
31391901
31391903
31391904
31391905
31391906
31391907
31391908
31391909
31391910
31391911
31391912
31391913
31391916
31391917
31391919
31391920
31391921
31391922
31391923
31391924
31391925
31391926
31391927
31391928
31391930
31391931
31391932
31391934
31391935
31391936
31391938
31391939
31391940
31391941
31391942
31391943
31391944
31391945
31391946
31391947
31391949
31391950
31391951
31391952
31391953
31391954
31391955
31391956
31391957
31391958
31391959
31391960
31391962
31391963
31391964
31391965
31391967
31391968
31391969
31391970
31391971
31391972
31391975
31391977
31391978
31391979
31391980
31391981
31391983
31391984
31391985
31391986
31391987
31391988
31391990
31391991
31391992
31391994
31391995
31391996
31391997
31391998
31391999
31392000
31392001
31392002
31392004
31392006
31392008
31392009
31392011
31392012
31392013
31392014
31392015
31392016
31392017
31392018
31392020
31392021
31392022
31392023
31392027
31392028
31392029
31392030
31392031
31392032
31392033
31392034
31392035
31392037
31392038
31392039
31392040
31392041
31392042
31392043
31392044
31392045
31392046
31392047
31392048
31392049
31392050
31392051
31392052
31392053
31392055
31392056
31392057
31392058
31392060
31392061
31392062
31392063
31392064
31392065
31392066
31392067
31392068
31392069
31392071
31392072
31392073
31392076
31392077
31392079
31392080
31392081
31392082
31392083
31392084
31392085
31392086
31392087
31392088
31392089
31392090
31392091
31392092
31392093
31392094
31392095
31392096
31392097
31392098
31392099
31392100
31392101
31392102
31392104
31392105
31392106
31392107
31392108
31392109
31392110
31392111
31392112
31392113
31392114
31392115
31392116
31392117
31392119
31392120
31392121
31392122
31392123
31392124
31392125
31392127
31392128
31392129
31392130
31392131
31392132
31392133
31392135
31392136
31392137
31392138
31392139
31392141
31392142
31392143
31392144
31392145
31392147
31392148
31392150
31392151
31392153
31392154
31392155
31392156
31392157
31392159
31392160
31392161
31392162
31392163
31392164
31392165
31392166
31392167
31392168
31392169
31392170
31392172
31392173
31392174
31392175
31392176
31392177
31392178
31392180
31392181
31392182
31392183
31392184
31392185
31392186
31392187
31392189
31392190
31392191
31392192
31392193
31392194
31392195
31392196
31392198
31392199
31392200
31392201
31392202
31392204
31392205
31392206
31392208
31392210
31392211
31392212
31392213
31392214
31392215
31392216
31392217
31392218
31392219
31392220
31392221
31392222
31392223
31392224
31392225
31392226
31392227
31392228
31392230
31392231
31392232
31392233
31392236
31392237
31392238
31392239
31392240
31392241
31392242
31392243
31392244
31392245
31392246
31392247
31392248
31392249
31392250
31392251
31392252
31392253
31392254
31392255
31392256
31392258
31392259
31392260
31392261
31392262
31392263
31392264
31392265
31392266
31392267
31392268
31392269
31392270
31392271
31392272
31392274
31392275
31392276
31392277
31392278
31392280
31392281
31392283
31392284
31392285
31392286
31392287
31392289
31392290
31392292
31392293
31392294
31392295
31392296
31392297
31392298
31392299
31392300
31392301
31392302
31392303
31392304
31392306
31392308
31392310
31392311
31392312
31392313
31392314
31392316
31392317
31392318
31392319
31392320
31392321
31392322
31392323
31392324
31392325
31392327
31392330
31392334
31392335
31392337
31392339
31392340
31392342
31392344
31392345
31392346
31392347
31392348
31392349
31392350
31392351
31392352
31392353
31392355
31392356
31392357
31392358
31392359
31392361
31392362
31392363
31392364
31392365
31392366
31392367
31392368
31392369
31392370
31392371
31392372
31392373
31392375
31392377
31392381
31392382
31392383
31392384
31392385
31392386
31392387
31392388
31392389
31392391
31392392
31392393
31392394
31392395
31392396
31392397
31392398
31392399
31392400
31392401
31392402
31392403
31392404
31392405
31392406
31392407
31392408
31392409
31392410
31392411
31392412
31392413
31392414
31392415
31392416
31392417
31392418
31392419
31392420
31392421
31392422
31392423
31392424
31392425
31392426
31392427
31392428
31392429
31392431
31392433
31392434
31392435
31392436
31392437
31392438
31392439
31392441
31392443
31392444
31392445
31392447
31392448
31392450
31392452
31392453
31392454
31392456
31392457
31392458
31392459
31392460
31392461
31392462
31392463
31392464
31392465
31392466
31392467
31392468
31392469
31392471
31392472
31392473
31392474
31392475
31392476
31392477
31392480
31392482
31392484
31392486
31392487
31392488
31392489
31392490
31392491
31392492
31392493
31392494
31392496
31392497
31392498
31392499
31392501
31392502
31392503
31392504
31392505
31392506
31392508
31392509
31392510
31392511
31392513
31392514
31392515
31392516
31392517
31392518
31392519
31392520
31392521
31392523
31392524
31392526
31392527
31392528
31392529
31392530
31392531
31392533
31392535
31392536
31392537
31392538
31392539
31392541
31392543
31392544
31392545
31392546
31392548
31392549
31392550
31392551
31392554
31392555
31392556
31392557
31392558
31392559
31392561
31392563
31392564
31392565
31392566
31392567
31392569
31392570
31392571
31392572
31392573
31392575
31392579
31392580
31392581
31392582
31392584
31392587